0.562015 0.098828
0.752088 0.496692
0.730504 0.899582
0.010733 0.267111
0.786483 0.669241
0.782828 0.673476
0.972966 0.715893
0.145320 0.291316
0.132075 0.481974
0.663721 0.775542
0.624506 0.659592
0.462821 0.330381
0.052219 0.299929
0.910012 0.003466
0.294902 0.643897
0.912019 0.179698
0.503315 0.201656
0.334017 0.929414
0.958485 0.887716
0.316867 0.551085
0.656274 0.417537
0.728182 0.609427
0.242306 0.348198
0.773719 0.514259
0.460382 0.022601
0.008145 0.612984
0.624563 0.692305
0.912333 0.420406
0.145349 0.452542
0.595251 0.914208
0.776127 0.544002
0.482212 0.354288
0.767876 0.544895
0.471291 0.300991
0.376595 0.994650
0.582321 0.013824
0.335871 0.823889
0.647805 0.201487
0.741219 0.396400
0.864886 0.799911
0.876429 0.045374
0.758105 0.601834
0.506178 0.271882
0.212949 0.814249
0.052937 0.597310
0.102256 0.034622
0.437032 0.768182
0.716532 0.409255
0.582221 0.211656
0.753563 0.454541
0.148850 0.459112
0.253718 0.911683
0.754338 0.585109
0.269678 0.185826
0.156380 0.456965
0.620651 0.150334
0.815702 0.928972
0.142285 0.025492
0.208747 0.733464
0.948395 0.458317
0.840428 0.172571
0.366358 0.017054
0.305575 0.269300
0.094801 0.891577
0.985311 0.529941
0.413333 0.371323
0.140028 0.152667
0.805955 0.507962
0.700634 0.406153
0.452096 0.504022
0.969194 0.029406
0.704508 0.684893
0.551961 0.167464
0.877513 0.184414
0.073311 0.370850
0.581094 0.618724
0.797375 0.128607
0.078281 0.344760
0.032773 0.870198
0.040275 0.345187
0.760092 0.220869
0.904233 0.187359
0.025441 0.904209
0.283867 0.847837
0.338177 0.196200
0.477772 0.844101
0.226705 0.404251
0.702221 0.080227
0.701048 0.895487
0.834927 0.992828
0.180840 0.669192
0.987961 0.017546
0.336767 0.063175
0.378630 0.515525
0.704619 0.622373
0.686882 0.174777
0.134577 0.425803
0.280085 0.495231
0.482737 0.765862
0.457157 0.380954
0.113926 0.268628
0.773710 0.591743
0.019529 0.617422
0.820702 0.982883
0.744233 0.542331
0.756927 0.110592
0.022554 0.729097
0.859483 0.066743
0.538879 0.610935
0.228164 0.885450
0.611031 0.481052
0.134748 0.732253
0.752454 0.112391
0.874737 0.431021
0.965732 0.720281
0.088622 0.931667
0.562007 0.044905
0.556871 0.691639
0.166823 0.971013
0.325179 0.894594
0.071098 0.114924
0.524904 0.110223
0.002272 0.382138
0.462077 0.699731
0.839659 0.586800
0.953842 0.672884
0.471840 0.796684
0.694001 0.125850
0.413232 0.359507
0.782689 0.046412
0.560280 0.329371
0.815648 0.516949
0.501855 0.762386
0.905610 0.919007
0.608280 0.620483
0.214639 0.030223
0.041936 0.609733
0.477754 0.179074
0.270792 0.497766
0.263732 0.300611
0.363643 0.383176
0.470659 0.622520
0.619798 0.122823
0.616857 0.251897
0.081915 0.021098
0.640491 0.465948
0.422165 0.824402
0.144994 0.511940
0.130905 0.686006
0.756903 0.061264
0.003161 0.728249
0.635557 0.648359
0.569698 0.053563
0.281167 0.856669
0.392306 0.981638
0.922930 0.231057
0.401400 0.121119
0.679260 0.829641
0.640628 0.840435
0.817988 0.549242
0.668206 0.268940
0.208931 0.329444
0.297033 0.137531
0.060856 0.663168
0.511799 0.323894
0.329347 0.509850
0.036356 0.683686
0.533901 0.354571
0.721462 0.673263
0.847706 0.307195
0.342839 0.965335
0.140853 0.454856
0.531519 0.055395
0.539329 0.224529
0.970098 0.098598
0.083171 0.976339
0.075244 0.514299
0.256000 0.019557
0.622347 0.374739
0.746208 0.449417
0.954131 0.146881
0.471949 0.762215
0.931476 0.889539
0.045427 0.877315
0.839433 0.694348
0.807662 0.627148
0.340730 0.687506
0.876863 0.760108
0.887110 0.733444
0.318774 0.217024
0.948127 0.571610
0.266217 0.710979
0.017872 0.208503
0.240633 0.174512
0.711383 0.230163
0.917427 0.290253
0.790727 0.311923
0.438691 0.333957
0.670974 0.614730
0.124241 0.816504
0.681479 0.268512
0.030688 0.688141
0.009132 0.566402
0.427267 0.079080
0.066850 0.408255
0.518676 0.001244
0.829930 0.532512
0.974182 0.072687
0.110436 0.022408
0.297243 0.985985
0.519247 0.841842
0.272205 0.102210
0.048446 0.889423
0.588877 0.581120
0.423302 0.413585
0.909660 0.864726
0.081194 0.030058
0.698220 0.014858
0.370555 0.963824
0.867372 0.405716
0.190554 0.205142
0.974033 0.020458
0.254181 0.743008
0.240861 0.167771
0.724115 0.904786
0.021027 0.782138
0.490929 0.588867
0.550730 0.702625
0.513522 0.094464
0.513265 0.932644
0.677096 0.611454
0.331339 0.001124
0.627495 0.781233
0.426674 0.198177
0.173430 0.140476
0.356805 0.810807
0.599279 0.542431
0.630276 0.092117
0.668218 0.659792
0.688560 0.757030
0.113783 0.519604
0.554056 0.395818
0.991389 0.329932
0.710157 0.561133
0.691432 0.021950
0.085975 0.032974
0.582392 0.356748
0.452686 0.157930
0.863750 0.806463
0.941432 0.343437
0.050711 0.902727
0.808125 0.054813
0.699961 0.306048
0.495573 0.693042
0.210277 0.457287
0.678152 0.846113
0.314403 0.562224
0.472146 0.817904
0.817671 0.583305
0.712362 0.398825
0.161298 0.385644
0.942179 0.294829
0.998878 0.739376
0.052559 0.859654
0.506432 0.315505
0.801596 0.053873
0.010506 0.440769
0.418717 0.298342
0.454576 0.278020
0.268911 0.904764
0.548753 0.366786
0.947413 0.498544
0.306948 0.454495
0.972511 0.635816
0.293051 0.148189
0.424969 0.135050
0.824816 0.761124
0.881580 0.362117
0.751169 0.475589
0.945245 0.334935
0.183317 0.515492
0.675539 0.449194
0.758738 0.858196
0.565962 0.410285
0.013845 0.318877
0.143956 0.519026
0.178496 0.832001
0.237639 0.371389
0.953859 0.918765
0.862200 0.757179
0.443210 0.667498
0.135664 0.681878
0.549723 0.832636
0.697660 0.983016
0.591118 0.659234
0.538711 0.601041
0.191196 0.811899
0.667223 0.719331
0.353843 0.892978
0.565687 0.373613
0.995456 0.803962
0.288703 0.803436
0.674138 0.981013
0.408545 0.473594
0.204030 0.930785
0.847304 0.918640
0.754454 0.632041
0.179789 0.086226
0.707787 0.143860
0.932718 0.793207
0.367164 0.079408
0.131151 0.021030
0.773133 0.638399
0.193310 0.713331
0.693487 0.329846
0.793905 0.288821
0.906828 0.813644
0.500898 0.427284
0.400452 0.914640
0.541445 0.646969
0.067328 0.551533
0.622963 0.479847
0.013941 0.326106
0.181219 0.519633
0.107337 0.852576
0.058687 0.509263
0.900697 0.604524
0.445803 0.833561
0.415246 0.415640
0.911044 0.063411
0.333330 0.604082
0.671829 0.475033
0.212400 0.577447
0.539246 0.047503
0.179737 0.311195
0.530712 0.269832
0.858638 0.137935
0.264134 0.002578
0.731964 0.214456
0.406516 0.615687
0.820316 0.989244
0.583730 0.032199
0.069468 0.132780
0.904049 0.155376
0.663022 0.138921
0.196926 0.344172
0.137810 0.096715
0.014168 0.168765
0.545455 0.672072
0.630401 0.054797
0.416241 0.847667
0.663522 0.683313
0.211448 0.432494
0.417155 0.115033
0.646247 0.270725
0.732369 0.655122
0.403873 0.719478
0.584621 0.961166
0.598024 0.609036
0.136803 0.956416
0.957164 0.094773
0.676155 0.766960
0.262960 0.621125
0.240706 0.320342
0.564473 0.473335
0.651737 0.979922
0.177613 0.937296
0.687879 0.840303
0.360959 0.031829
0.792085 0.161274
0.808283 0.747227
0.726309 0.098560
0.016480 0.110444
0.164907 0.017321
0.055173 0.608097
0.234170 0.507615
0.988968 0.206450
0.302864 0.909392
0.971260 0.601051
0.951161 0.987969
0.954018 0.362009
0.489893 0.060123
0.733384 0.283560
0.868916 0.677075
0.196725 0.734115
0.455824 0.135829
0.751698 0.886169
0.340714 0.966911
0.928580 0.901144
0.338844 0.877831
0.558485 0.984399
0.233396 0.801337
0.075230 0.508324
0.491134 0.980034
0.778518 0.440008
0.363330 0.829464
0.070150 0.183567
0.075112 0.465722
0.050483 0.750567
0.533484 0.707543
0.584831 0.265436
0.426015 0.403450
0.242648 0.072266
0.720090 0.569433
0.927777 0.776626
0.841125 0.920052
0.685820 0.088108
0.345091 0.444471
0.052685 0.249189
0.796780 0.118237
0.432781 0.582105
0.114503 0.191642
0.730377 0.461841
0.591352 0.686875
0.745777 0.049851
0.603018 0.340199
0.459595 0.885035
0.065729 0.704023
0.112245 0.926767
0.621629 0.079447
0.118539 0.646083
0.362384 0.375852
0.093887 0.047616
0.417741 0.524188
0.191984 0.124466
0.649932 0.229128
0.225282 0.764277
0.926174 0.297358
0.648129 0.866578
0.362178 0.580473
0.995654 0.743578
0.614686 0.417683
0.184810 0.369478
0.778931 0.942638
0.671021 0.842888
0.949059 0.457703
0.616452 0.424869
0.710477 0.396097
0.343841 0.618454
0.140493 0.946346
0.631187 0.137322
0.638389 0.853757
0.133410 0.959917
0.632022 0.030205
0.011775 0.434907
0.912444 0.577204
0.902628 0.064159
0.730823 0.479026
0.684503 0.875722
0.506724 0.264820
0.205413 0.462645
0.899764 0.223414
0.636986 0.820419
0.397553 0.525288
0.433902 0.098603
0.484230 0.746563
0.828804 0.588685
0.841752 0.574402
0.295720 0.513914
0.069179 0.816869
0.708157 0.046713
0.705744 0.548770
0.818976 0.050263
0.236633 0.244547
0.843243 0.183088
0.524377 0.916903
0.056289 0.595101
0.225196 0.572929
0.478812 0.622075
0.152901 0.086361
0.539010 0.810212
0.880917 0.873929
0.536357 0.696176
0.716350 0.455029
0.318967 0.969105
0.332772 0.107140
0.690667 0.653913
0.057656 0.835265
0.127412 0.499239
0.026191 0.823393
0.675966 0.814142
0.039137 0.391575
0.779498 0.076017
0.104556 0.346083
0.901631 0.994813
0.861578 0.975637
0.457512 0.647729
0.641243 0.947392
0.790474 0.341940
0.030930 0.016908
0.917179 0.084123
0.893760 0.951579
0.991848 0.763643
0.724756 0.932702
0.978783 0.235953
0.576712 0.143758
0.767339 0.534481
0.088815 0.358569
0.888457 0.068900
0.131770 0.340182
0.398551 0.276887
0.428820 0.367932
0.264880 0.192430
0.110524 0.484791
0.424519 0.449384
0.353148 0.249385
0.382751 0.542657
0.080034 0.176842
0.880531 0.675346
0.669425 0.340701
0.486807 0.198013
0.911104 0.105734
0.480649 0.731423
0.241160 0.880515
0.678764 0.307476
0.915735 0.471663
0.862980 0.781369
0.070234 0.831818
0.674457 0.893357
0.062909 0.104541
0.599750 0.488829
0.586822 0.155814
0.389584 0.854120
0.420816 0.658658
0.663502 0.971773
0.500427 0.070334
0.879836 0.837421
0.048810 0.956838
0.436234 0.171612
0.594009 0.413948
0.634846 0.779550
0.793851 0.285397
0.150066 0.101602
0.527771 0.355051
0.605238 0.814668
0.833850 0.199990
0.856008 0.612052
0.059980 0.334638
0.628238 0.945717
0.354325 0.192469
0.631695 0.763886
0.089275 0.312120
0.109649 0.338613
0.444920 0.390182
0.759432 0.637515
0.576224 0.095468
0.918636 0.352284
0.158833 0.311655
0.032654 0.420554
0.711478 0.780142
0.456678 0.449380
0.690864 0.586412
0.181937 0.915754
0.663683 0.095634
0.773135 0.945925
0.798736 0.461718
0.650928 0.189663
0.862374 0.764183
0.417277 0.152918
0.917573 0.865308
0.598069 0.942843
0.049404 0.813066
0.440283 0.838877
0.898810 0.770727
0.051782 0.324084
0.267037 0.150094
0.590540 0.099536
0.942568 0.620674
0.604740 0.333918
0.541632 0.611309
0.281774 0.659376
0.086410 0.603800
0.897155 0.666822
0.268948 0.120564
0.355867 0.349417
0.563634 0.651673
0.409480 0.826859
0.210386 0.562590
0.010894 0.006654
0.450692 0.125200
0.761708 0.618109
0.569079 0.464291
0.519763 0.322760
0.286005 0.293547
0.799456 0.659084
0.830553 0.603453
0.525998 0.233147
0.761411 0.873664
0.236264 0.399437
0.924747 0.219691
0.770565 0.282211
0.162660 0.094792
0.517053 0.227609
0.794516 0.589388
0.077302 0.026559
0.966835 0.979890
0.869466 0.649680
0.640283 0.344545
0.304367 0.945235
0.892242 0.794679
0.217782 0.192523
0.951366 0.064852
0.755271 0.514458
0.740304 0.905077
0.748395 0.638468
0.931536 0.352996
0.235438 0.074092
0.569138 0.605042
0.436315 0.434047
0.079712 0.815088
0.538873 0.864050
0.094971 0.829432
0.768955 0.631964
0.496254 0.111295
0.654392 0.141071
0.730253 0.050226
0.236414 0.523320
0.951136 0.516152
0.392004 0.599775
0.336235 0.069541
0.896795 0.196199
0.872364 0.233705
0.447426 0.416625
0.593007 0.869115
0.470539 0.617077
0.191306 0.049547
0.146337 0.111412
0.871432 0.153524
0.969555 0.473131
0.416185 0.769972
0.239862 0.078094
0.629085 0.733133
0.824924 0.936368
0.395801 0.297883
0.158901 0.075315
0.646285 0.432864
0.841206 0.714574
0.982615 0.125768
0.077324 0.186632
0.868472 0.784132
0.075888 0.239489
0.207659 0.487951
0.982655 0.761465
0.227652 0.359831
0.919283 0.609151
0.639299 0.407507
0.707784 0.630032
0.578305 0.246074
0.233174 0.949257
0.313687 0.397637
0.538343 0.448967
0.802117 0.809393
0.395776 0.187448
0.996842 0.632954
0.577797 0.379081
0.211078 0.614409
0.496091 0.844813
0.566570 0.993069
0.525916 0.422682
0.609940 0.074539
0.722470 0.340491
0.987068 0.499008
0.906178 0.655110
0.766721 0.177055
0.198247 0.478083
0.689799 0.312405
0.063796 0.273610
0.583896 0.413897
0.131511 0.236739
0.171377 0.648101
0.448423 0.856392
0.963089 0.870888
0.166644 0.725074
0.272457 0.662672
0.794264 0.475717
0.212552 0.280573
0.251977 0.172721
0.911222 0.624582
0.815139 0.341052
0.859397 0.727658
0.170926 0.132150
0.010894 0.446065
0.943258 0.461840
0.897490 0.611110
0.123250 0.642489
0.982731 0.962521
0.457773 0.414133
0.827127 0.413212
0.388554 0.967449
0.404320 0.182098
0.072858 0.671332
0.324029 0.803465
0.155940 0.661034
0.467531 0.096323
0.684925 0.116488
0.012937 0.613960
0.061693 0.137590
0.361342 0.542034
0.514735 0.292108
0.614959 0.262931
0.841179 0.626829
0.001765 0.035562
0.322514 0.663136
0.688108 0.274466
0.771598 0.379838
0.424491 0.461980
0.722862 0.669738
0.286828 0.644883
0.259040 0.258655
0.715375 0.995449
0.881086 0.628766
0.129059 0.940090
0.006261 0.389878
0.569757 0.651070
0.033743 0.606256
0.278316 0.173279
0.686869 0.391852
0.443650 0.424326
0.343551 0.228011
0.923453 0.708570
0.947128 0.795340
0.788162 0.061127
0.572467 0.021333
0.570220 0.663809
0.858318 0.669175
0.043088 0.119602
0.936614 0.288176
0.846444 0.544459
0.650640 0.135264
0.906420 0.134229
0.292849 0.698467
0.166579 0.130600
0.673851 0.411390
0.893603 0.373541
0.499197 0.762069
0.701576 0.960328
0.050400 0.255626
0.353689 0.894562
0.389946 0.088858
0.456485 0.105384
0.413509 0.202778
0.919090 0.340294
0.311129 0.878574
0.770873 0.318629
0.455733 0.781105
0.831474 0.200988
0.573236 0.395614
0.226095 0.048038
0.752717 0.976701
0.708411 0.065596
0.495374 0.278654
0.768662 0.258136
0.472434 0.573234
0.093687 0.726719
0.938732 0.410949
0.840380 0.477399
0.131910 0.636381
0.568796 0.870523
0.357099 0.734412
0.443637 0.998859
0.521465 0.335103
0.293911 0.482513
0.428308 0.829024
0.364153 0.701259
0.280758 0.496058
0.593728 0.030725
0.272845 0.298877
0.223720 0.529346
0.381410 0.772755
0.606898 0.949792
0.114540 0.007100
0.641886 0.274450
0.947782 0.077676
0.077309 0.942532
0.993088 0.984180
0.548234 0.930283
0.430438 0.973450
0.081326 0.140089
0.799315 0.397639
0.605872 0.563927
0.136126 0.048250
0.857161 0.217348
0.471479 0.315757
0.781921 0.338279
0.513587 0.910935
0.930847 0.147240
0.664512 0.124031
0.332241 0.049743
0.396283 0.333084
0.417890 0.395732
0.584031 0.360252
0.855347 0.303767
0.611122 0.237885
0.720466 0.008705
0.963022 0.422588
0.614376 0.240843
0.976538 0.689980
0.837129 0.222575
0.351545 0.074770
0.026211 0.546906
0.733766 0.775679
0.155272 0.942454
0.988394 0.923465
0.073255 0.334560
0.881931 0.279607
0.906215 0.674782
0.528550 0.075134
0.406101 0.365407
0.720578 0.361647
0.428554 0.275797
0.811395 0.993168
0.074247 0.998738
0.142499 0.017179
0.007511 0.182860
0.672040 0.170804
0.147217 0.198176
0.865267 0.963964
0.336342 0.632578
0.521745 0.611305
0.969901 0.905377
0.841597 0.740597
0.580412 0.737820
0.053293 0.264121
0.433603 0.098690
0.546707 0.224339
0.615391 0.195143
0.963333 0.504225
0.438254 0.894716
0.705064 0.480221
0.258072 0.824808
0.026045 0.461518
0.671418 0.122005
0.289454 0.838654
0.211651 0.107476
0.201177 0.508223
0.936190 0.898645
0.302030 0.365418
0.006871 0.374851
0.714310 0.494366
0.522762 0.879310
0.930035 0.435706
0.436246 0.335920
0.208419 0.384944
0.537379 0.002368
0.158130 0.953044
0.850668 0.176150
0.133116 0.797109
0.677615 0.763921
0.814784 0.864226
0.215999 0.553876
0.511630 0.561656
0.674333 0.273217
0.331917 0.013027
0.011850 0.436299
0.105453 0.840343
0.508391 0.602638
0.205028 0.048304
0.895526 0.866911
0.782711 0.519048
0.554105 0.235522
0.255256 0.056183
0.551237 0.436863
0.588700 0.566488
0.001666 0.736358
0.315381 0.821400
0.297947 0.444649
0.615671 0.799202
0.267169 0.120442
0.888469 0.139454
0.838847 0.471702
0.273818 0.025729
0.611589 0.783853
0.660938 0.399086
0.001221 0.375876
0.976558 0.856400
0.858999 0.269670
0.491022 0.733697
0.437568 0.510453
0.570592 0.559856
0.929516 0.592622
0.639155 0.400674
0.037159 0.313257
0.064832 0.223425
0.883894 0.321909
0.558539 0.689190
0.231765 0.278579
0.342205 0.131683
0.314407 0.130724
0.522180 0.579894
0.470135 0.724069
0.574452 0.716009
0.210571 0.061036
0.726908 0.584017
0.882851 0.695389
0.002415 0.647689
0.878496 0.323494
0.285440 0.674768
0.562524 0.813356
0.592971 0.648074
0.099056 0.054847
0.694277 0.990479
0.943854 0.861437
0.838624 0.371537
0.472792 0.089052
0.948239 0.036850
0.483905 0.435921
0.626906 0.280450
0.818413 0.463306
0.461713 0.444692
0.215012 0.036699
0.674130 0.776135
0.566915 0.076506
0.352171 0.949972
0.771057 0.563548
0.491673 0.975693
0.324835 0.645185
0.443307 0.154524
0.172429 0.300946
0.232817 0.431888
0.167817 0.860766
0.553112 0.798664
0.995784 0.123873
0.054369 0.781684
0.769624 0.442017
0.246503 0.731039
0.551821 0.837714
0.819591 0.778805
0.171921 0.597861
0.252587 0.496401
0.347584 0.277300
0.067675 0.416651
0.856610 0.268264
0.173443 0.478586
0.419380 0.033268
0.179825 0.880104
0.795185 0.394678
0.944277 0.833835
0.088222 0.448371
0.583169 0.878282
0.318512 0.386596
0.744089 0.028706
0.311794 0.831983
0.651109 0.504985
0.975656 0.897018
0.701468 0.657158
0.085206 0.678008
0.682327 0.149571
0.031802 0.997209
0.791932 0.353003
0.277452 0.039537
0.970574 0.138225
0.893019 0.849890
0.781197 0.036772
0.881222 0.113009
0.513489 0.724065
0.539578 0.020061
0.933037 0.440139
0.900863 0.515325
0.351072 0.764239
0.999683 0.633927
0.470905 0.836401
0.006547 0.699229
0.873082 0.923166
0.001996 0.698956
0.459233 0.172109
0.642318 0.445500
0.689506 0.523282
0.207936 0.031860
0.853352 0.342813
0.491474 0.394836
0.819370 0.228139
0.843780 0.406372
0.956210 0.184951
0.074837 0.138051
0.020574 0.587431
0.127696 0.728924
0.415596 0.866313
0.785779 0.470057
0.057018 0.099487
0.618351 0.277933
0.197318 0.749054
0.850420 0.031315
0.579225 0.854016
0.499394 0.301128
0.677804 0.472147
0.542272 0.709815
0.080751 0.006347
0.858088 0.555447
0.113839 0.954203
0.477640 0.857340
0.085090 0.304147
0.216515 0.695281
0.267679 0.252989
0.971435 0.585665
0.316389 0.638568
0.930286 0.767400
0.892516 0.734542
0.242604 0.151501
0.112190 0.124002
0.582330 0.454687
